camera affine:
- - 0.0
  - 0.0
  - 0.0
  - 0.0
- - 0.0
  - 0.0
  - 0.0
  - 0.0
- - 0.0
  - 0.0
  - 0.0
  - 0.0
camera new_camera_matrix:
- - 565.7481079101562
  - 0.0
  - 224.72242566197383
- - 0.0
  - 781.9900512695312
  - 281.8858623995766
- - 0.0
  - 0.0
  - 1.0
camera roi:
- 7
- 23
- 499
- 449
camera rotation_t_Homogeneous_matrix:
- - 0.026012814591732658
  - -0.9968007817325252
  - -0.07557469824248753
  - -416.07677867577354
- - -0.7532000555315291
  - 0.030163747572782618
  - -0.6570995546183752
  - 275.73464754154065
- - 0.6572769658403661
  - 0.07401587579561808
  - -0.7500057601818069
  - 778.1449070107269
- - 0.0
  - 0.0
  - 0.0
  - 1.0
camera rvec:
- - 1.7743756817054304
- - -1.7785894223428558
- - 0.5912051457757844
camera scale: 0.0
camera tvec:
- - -416.07677867577354
- - 275.73464754154065
- - 778.1449070107269
camera_distortion:
- - -0.014058167574066584
  - 1.6548649513868505
  - -0.001431199335867343
  - -0.017298165514163046
  - -7.200128812996979
camera_matrix:
- - 715.1481720870304
  - 0.0
  - 283.7488978954706
- - 0.0
  - 820.2429476773391
  - 276.41765512029315
- - 0.0
  - 0.0
  - 1.0
image height: 480
image width: 640
